2.921601800000000253e+02
2.928990000000000009e+02
2.929900000000000091e+02
2.928990000000000009e+02
2.929900000000000091e+02
2.928990000000000009e+02
2.929610016666666752e+02
2.929899983333333466e+02
2.929900000000000091e+02
2.929900000000000091e+02
2.929900000000000091e+02
2.929900000000000091e+02
2.929898333333333653e+02
2.929746666666666783e+02
2.929594999999999914e+02
2.929443333333333044e+02
2.929291666666666174e+02
2.929139999999999873e+02
2.928989999999999441e+02
2.928974999999999795e+02
2.928959766666666269e+02
2.928543799999999919e+02
2.925012849999999958e+02
2.922731183333333433e+02
2.918732850000000099e+02
2.914582833333333269e+02
2.912265616666666688e+02
2.910333016666666595e+02
2.909866199999999594e+02
2.908982866666667064e+02
2.909816199999999640e+02
2.911566183333333697e+02
2.911482849999999871e+02
2.911416183333332697e+02
2.912248950000000036e+02
2.912997599999999920e+02
2.913745849999999677e+02
2.913662099999999668e+02
2.911331166666666945e+02
2.910580966666666427e+02
2.908414300000000026e+02
2.907332316666666543e+02
2.904417550000000006e+02
2.901584666666666976e+02
2.900999716666667041e+02
2.897920316666666736e+02
2.900053300000000149e+02
2.899381766666666636e+02
2.901514950000000113e+02
2.905167416666666895e+02
2.908967150000000288e+02
2.913679466666666826e+02
2.915308233333333305e+02
2.917903216666666708e+02
2.919103216666666754e+02
2.918778866666666545e+02
2.915838416666666717e+02
2.915033983333333367e+02
2.908022183333333714e+02
2.903099150000000463e+02
2.901932483333333721e+02
2.899187699999999950e+02
2.898911800000000198e+02
2.896500450000000342e+02
2.901891633333333971e+02
2.903557883333333507e+02
2.903532299999999964e+02
2.903282150000000001e+02
2.903031933333333541e+02
2.898179966666666587e+02
2.896538833333333400e+02
2.896538850000000025e+02
2.895397583333333387e+02
2.895897749999999746e+02
2.896564566666666565e+02
2.901815033333332963e+02
2.901815033333332963e+02
2.901815016666666907e+02
2.901315149999999790e+02
2.900648616666666726e+02
2.899315233333333595e+02
2.897733366666666939e+02
2.896900033333333226e+02
2.895733366666666484e+02
2.892469799999999509e+02
2.889303716666666446e+02
2.887470433333332949e+02
2.881903783333333422e+02
2.876087133333333554e+02
2.872087083333333339e+02
2.870150699999999802e+02
2.866649466666667081e+02
2.862519549999999526e+02
2.860852866666666614e+02
2.859169516666666482e+02
2.856002899999999727e+02
2.852019566666666606e+02
2.848686733333333336e+02
2.844716666666666356e+02
2.841383333333333212e+02
2.836883333333333326e+02
2.831785849999999414e+02
2.827457499999999868e+02
2.824440833333333103e+02
2.821857499999999845e+02
2.820213666666666654e+02
2.821380333333333397e+02
2.821500649999999837e+02
2.825962333333333163e+02
2.830145650000000046e+02
2.831829183333333049e+02
2.833473016666666240e+02
2.833243166666666752e+02
2.833553666666666686e+02
2.829588400000000092e+02
2.827087250000000154e+02
2.827087050000000090e+02
2.830724583333333726e+02
2.832287766666666471e+02
2.836944900000000302e+02
2.842610166666666487e+02
2.842611349999999675e+02
2.844769683333333319e+02
2.841132150000000252e+02
2.839798816666666994e+02
2.836475016666666420e+02
2.831981183333333547e+02
2.833814500000000294e+02
2.833489483333333396e+02
2.835489483333333283e+02
2.835827683333333766e+02
2.838421399999999721e+02
2.842931350000000634e+02
2.842764699999999607e+02
2.843931466666666665e+02
2.845751633333333643e+02
2.849235100000000216e+02
2.849974733333334029e+02
2.848975316666666799e+02
2.851130299999999806e+02
2.851951883333333626e+02
2.851747050000000172e+02
2.851275566666666350e+02
2.851572699999999827e+02
2.852061000000000490e+02
2.852064283333333492e+02
2.852064299999999548e+02
2.851782299999999850e+02
2.852114666666666380e+02
2.852150849999999878e+02
2.851662516666666534e+02
2.851154233333333536e+02
2.850648933333333161e+02
2.850631783333333260e+02
2.849612200000000257e+02
2.847947200000000407e+02
2.846615516666666963e+02
2.844965516666666758e+02
2.841849133333333270e+02
2.838738866666666922e+02
2.837409166666666920e+02
2.836740766666666786e+02
2.834739099999999894e+02
2.831590933333333737e+02
2.831207550000000310e+02
2.829351633333333211e+02
2.826368333333333567e+02
2.823368399999999951e+02
2.819201750000000288e+02
2.814145849999999882e+02
2.807791733333333468e+02
2.804275066666666589e+02
2.799763100000000122e+02
2.793620983333333356e+02
2.791104300000000080e+02
2.794305049999999824e+02
2.794172550000000115e+02
2.792669200000000274e+02
2.793758816666666576e+02
2.796495216666667147e+02
2.798178550000000655e+02
2.798181866666666906e+02
2.801514566666666610e+02
2.805164016666666953e+02
2.806569733333333829e+02
2.809141916666666816e+02
2.810975266666666812e+02
2.811141933333333327e+02
2.811978699999999662e+02
2.811832600000000184e+02
2.812165933333333214e+02
2.811332800000000134e+02
2.811166133333333619e+02
2.810999466666666535e+02
2.810166666666666515e+02
2.810746483333333003e+02
2.810746283333333508e+02
2.809217766666666307e+02
2.807552766666666457e+02
2.806036099999999465e+02
2.804369449999999802e+02
2.800372966666666343e+02
2.797036483333333194e+02
2.795231716666666557e+02
2.793746716666666430e+02
2.792596716666666907e+02
2.791596700000000055e+02
2.792180033333333427e+02
2.793016716666666639e+02
2.794016649999999800e+02
2.795499983333332921e+02
2.795666650000000004e+02
2.795858866666666813e+02
2.795188883333333365e+02
2.794352233333333402e+02
2.793348933333333548e+02
2.791678949999999872e+02
2.790842299999999909e+02
2.789980100000000220e+02
2.790842500000000541e+02
2.791168233333333433e+02
2.792030633333333753e+02
2.792883949999999800e+02
2.793737116666666793e+02
2.794599516666666545e+02
2.797423766666666438e+02
2.800434666666666885e+02
2.804570916666666562e+02
2.807387683333333257e+02
2.811537833333333651e+02
2.815678750000000150e+02
2.816995416666666756e+02
2.819344833333333327e+02
2.820349466666667126e+02
2.823349366666666924e+02
2.824682466666666869e+02
2.825849116666666987e+02
2.825849116666666987e+02
2.823999716666666586e+02
2.821468199999999911e+02
2.820965900000000488e+02
2.818499466666666535e+02
2.818165183333333061e+02
2.816498516666666205e+02
2.815998433333333537e+02
2.814379983333333257e+02
2.810065616666667552e+02
2.808048950000000445e+02
2.803383250000000544e+02
2.803346349999999916e+02
2.802458483333332993e+02
2.803053816666666762e+02
2.803703816666666739e+02
2.804353816666666717e+02
2.806370483333333254e+02
2.806257133333333513e+02
2.805478600000000142e+02
2.804700200000000336e+02
2.805533483333333606e+02
2.808033483333333606e+02
2.808188166666666916e+02
2.808338416666666717e+02
2.810009600000000205e+02
2.811675999999999931e+02
2.813342716666666661e+02
2.814176049999999805e+02
2.816838033333333442e+02
2.819504699999999957e+02
2.822166799999999398e+02
2.824833466666666482e+02
2.825850133333333360e+02
2.826016799999999876e+02
2.826016799999999876e+02
2.826016799999999876e+02
2.826033333333334099e+02
2.826700000000000159e+02
2.826683333333333508e+02
2.826683333333332939e+02
2.827349800000000073e+02
2.827016500000000292e+02
2.826667283333333671e+02
2.826666050000000610e+02
2.827330999999999790e+02
2.827997133333333295e+02
2.826997416666666254e+02
2.826997466666666696e+02
2.827080016666666893e+02
2.826164516666666486e+02
2.825165983333333202e+02
2.824132433333333552e+02
2.820299033333333227e+02
2.819298933333333821e+02
2.818215583333333143e+02
2.814797433333333174e+02
2.811467666666666787e+02
2.810001583333333315e+02
2.812750883333333149e+02
2.812634233333333214e+02
2.812517300000000091e+02
2.814685516666666558e+02
2.816832083333333117e+02
2.817165466666666589e+02
2.816999483333333387e+02
2.818582466666666733e+02
2.818883983333333845e+02
2.820483750000000214e+02
2.821000533333333351e+02
2.822332216666666795e+02
2.822915583333332847e+02
2.822615933333333373e+02
2.823830883333333190e+02
2.824397716666666724e+02
2.826064333333333138e+02
2.826899433333333604e+02
2.829248833333332982e+02
2.830915416666666715e+02
2.831655600000000277e+02
2.831822333333333859e+02
2.831989049999999679e+02
2.832156349999999634e+02
2.832140249999999924e+02
2.832637850000000412e+02
2.833395716666666999e+02
2.834895716666666772e+02
2.836059900000000198e+02
2.837223433333333560e+02
2.838150566666666350e+02
2.838469716666666613e+02
2.839222149999999942e+02
2.839222149999999942e+02
2.841180983333333074e+02
2.843166816666666250e+02
2.845239833333333195e+02
2.847756499999999846e+02
2.850848116666666670e+02
2.855014766666666901e+02
2.856725100000000452e+02
2.858408433333333392e+02
2.859741616666667028e+02
2.860574950000000172e+02
2.860237466666666819e+02
2.858813349999999787e+02
2.858223066666666909e+02
2.857633166666666966e+02
2.859266500000000519e+02
2.860933166666666807e+02
2.864029033333333132e+02
2.867952483333333475e+02
2.871876033333333567e+02
2.875799216666666780e+02
2.876682549999999878e+02
2.877533250000000180e+02
2.878365433333333385e+02
2.878364966666666191e+02
2.878363866666666695e+02
2.878362766666666062e+02
2.879178283333332615e+02
2.878735749999999598e+02
2.875403566666666393e+02
2.873259366666666779e+02
2.869927150000000324e+02
2.867985400000000027e+02
2.866719883333333314e+02
2.866711916666666866e+02
2.865714583333332826e+02
2.865621866666666051e+02
2.866717150000000061e+02
2.868023866666666777e+02
2.868654266666666217e+02
2.866631349999999543e+02
2.870909849999999892e+02
2.873095749999999953e+02
2.872329050000000166e+02
2.872912933333333854e+02
2.873549033333333114e+02
2.876421649999999772e+02
2.873974166666666292e+02
2.871526683333333381e+02
2.872864816666666457e+02
2.869583783333333145e+02
2.866630516666666608e+02
2.866713950000000182e+02
2.868379999999999654e+02
2.870046316666666257e+02
2.870879633333333345e+02
2.873379633333333345e+02
2.875166083333333518e+02
2.874331999999999994e+02
2.873498933333333412e+02
2.872665599999999699e+02
2.871832266666666555e+02
2.871464849999999842e+02
2.871465166666666278e+02
2.868367066666666574e+02
2.865768216666666035e+02
2.863169366666666065e+02
2.863258900000000153e+02
2.862792983333333723e+02
2.863126149999999939e+02
2.866558333333333621e+02
2.870187700000000177e+02
2.874118600000000470e+02
2.876529066666666949e+02
2.879029066666666949e+02
2.879934933333333333e+02
2.877435166666666646e+02
2.878885800000000472e+02
2.880034900000000562e+02
2.877284999999999968e+02
2.876785000000000423e+02
2.877545783333333702e+02
2.881712200000000053e+02
2.881731033333333585e+02
2.881749866666667117e+02
2.882869033333333277e+02
2.881738366666666593e+02
2.880107849999999985e+02
2.878607866666666268e+02
2.877108383333333563e+02
2.875608900000000290e+02
2.875740133333333119e+02
2.877570883333333427e+02
2.880032883333333302e+02
2.882364183333333472e+02
2.884693950000000200e+02
2.882838133333332848e+02
2.882318383333333145e+02
2.880099050000000034e+02
2.875934416666666493e+02
2.873082516666666493e+02
2.870231650000000059e+02
2.870262083333333294e+02
2.870262066666666669e+02
2.870262033333333420e+02
2.871508699999999976e+02
2.870211666666666588e+02
2.870145466666666607e+02
2.873933766666666543e+02
2.876415166666666892e+02
2.878895466666667176e+02
2.881443150000000060e+02
2.885221799999999917e+02
2.887769616666666366e+02
2.887768533333332925e+02
2.888139733333333083e+02
2.888512049999999931e+02
2.888552633333333119e+02
2.888593216666666876e+02
2.888633649999999875e+02
2.888672733333333440e+02
2.888340816666666910e+02
2.888008816666666689e+02
2.888008666666666500e+02
2.888339849999999842e+02
2.886172283333333439e+02
2.884004750000000286e+02
2.883035016666667048e+02
2.881533900000000017e+02
2.880033000000000243e+02
2.878200766666666368e+02
2.878884033333333150e+02
2.879566899999999805e+02
2.879051883333333421e+02
2.880876616666666337e+02
2.882701016666666760e+02
2.884525416666666615e+02
2.884024816666666879e+02
2.883524616666666702e+02
2.884278633333333914e+02
2.875953683333333402e+02
2.872378000000000497e+02
2.871302383333333523e+02
2.872535166666666555e+02
2.873684699999999452e+02
2.873413750000000277e+02
2.880815616666666870e+02
2.883468216666666422e+02
2.878732716666666533e+02
2.873997216666666077e+02
2.872071883333333062e+02
2.870312900000000127e+02
2.868151783333333356e+02
2.867989333333333093e+02
2.872714916666666909e+02
2.877440500000000156e+02
2.877366416666666851e+02
2.877292333333332977e+02
2.877218250000000239e+02
2.875145533333333674e+02
2.872954466666666349e+02
2.870381716666666421e+02
2.870724000000000160e+02
2.871057333333333190e+02
2.871390666666666789e+02
2.872187299999999937e+02
2.873479899999999816e+02
2.874946716666666475e+02
2.874964166666666756e+02
2.875804866666666726e+02
2.876645566666666696e+02
2.877022933333333299e+02
2.877022916666666674e+02
2.877230366666666441e+02
2.878044483333333687e+02
2.878043833333333055e+02
2.878043183333333559e+02
2.878042533333332926e+02
2.874538583333333577e+02
2.872780983333333324e+02
2.871023833333333073e+02
2.869350450000000023e+02
2.868166849999999499e+02
2.864667733333333217e+02
2.866664083333333224e+02
2.866914083333333565e+02
2.867164050000000657e+02
2.867330716666667172e+02
2.868250316666666890e+02
2.871485433333332935e+02
2.872728149999999800e+02
2.872728133333333176e+02
2.872728116666666551e+02
2.872728216666666299e+02
2.872445766666666600e+02
2.872709466666666458e+02
2.872972433333333129e+02
2.875433383333333381e+02
2.877894333333333066e+02
2.880294233333332841e+02
2.880839166666666529e+02
2.880837949999999523e+02
2.880837466666666842e+02
2.879881733333333500e+02
2.877424183333333190e+02
2.877357483333333334e+02
2.878257566666666207e+02
2.879408966666666743e+02
2.880560366666666710e+02
2.881711766666666676e+02
2.884425049999999828e+02
2.884808416666666631e+02
2.885279266666666445e+02
2.885498800000000301e+02
2.884877333333333240e+02
2.885096800000000030e+02
2.885256199999999467e+02
2.885415599999999472e+02
2.885415533333332974e+02
2.885415466666666475e+02
2.886546900000000164e+02
2.884886183333333065e+02
2.883225466666667103e+02
2.881564750000000004e+02
2.879904033333333473e+02
2.878243316666666942e+02
2.876292100000000005e+02
2.878242866666666941e+02
2.880027516666667111e+02
2.880032516666666993e+02
2.882316200000000208e+02
2.883000949999999989e+02
2.883684933333333333e+02
2.884018783333333431e+02
2.884518750000000296e+02
2.885198533333333444e+02
2.883599633333333259e+02
2.883599666666666508e+02
2.883990083333333700e+02
2.882779866666666635e+02
2.882779016666666507e+02
2.884377999999999815e+02
2.882880466666666734e+02
2.884480333333333419e+02
2.885690549999999917e+02
2.886228950000000282e+02
2.885557983333333709e+02
2.885558866666667086e+02
2.888656266666666852e+02
2.888656266666666284e+02
2.888656183333333161e+02
2.889328033333333110e+02
2.889080749999999966e+02
2.889080733333333342e+02
2.889080733333333342e+02
2.889080733333333342e+02
2.889477516666666475e+02
2.889874183333333235e+02
2.891626650000000041e+02
2.892460000000000377e+02
2.893293333333333521e+02
2.894126666666666665e+02
2.894563333333333617e+02
2.895000000000000000e+02
2.894159416666666971e+02
2.893318833333333373e+02
2.893318833333333373e+02
2.893318833333333373e+02
2.893652166666666972e+02
2.893652166666666972e+02
2.894826066666666975e+02
2.895999966666666978e+02
2.896333300000000577e+02
2.894589416666667034e+02
2.894589416666667034e+02
2.895406083333332958e+02
2.895889433333333614e+02
2.896372783333333132e+02
2.896856116666666594e+02
2.899416666666666629e+02
2.899899983333333466e+02
2.899899983333333466e+02
2.899899983333333466e+02
2.899899983333333466e+02
2.899899983333333466e+02
2.899899983333333466e+02
2.899899983333333466e+02
2.899899983333333466e+02
2.899899983333333466e+02
2.899916650000000118e+02
2.899933316666666769e+02
2.899949983333333421e+02
2.899966583333333006e+02
2.899983250000000226e+02
2.898501016666666601e+02
2.897002116666666893e+02
2.897002116666666893e+02
2.897002116666666893e+02
2.897002200000000016e+02
2.897001783333333265e+02
2.898500683333333541e+02
2.896941933333333168e+02
2.896941816666666796e+02
2.896941699999999855e+02
2.895526266666666402e+02
2.894111816666666641e+02
2.892696950000000129e+02
2.895030633333333867e+02
2.895030750000000239e+02
2.895030816666666738e+02
2.896446200000000317e+02
2.897861083333333454e+02
2.899275966666667159e+02
2.901218266666666636e+02
2.901218266666666636e+02
2.901218316666666510e+02
2.901218366666666384e+02
2.901218066666666573e+02
2.900297633333333351e+02
2.898641299999999887e+02
2.898594683333333251e+02
2.898547800000000052e+02
2.898109983333333162e+02
2.898063716666666778e+02
2.898270833333333485e+02
2.897995866666666984e+02
2.897330000000000041e+02
2.896665483333333100e+02
2.897019849999999792e+02
2.896982933333333108e+02
2.897696183333333124e+02
2.899208733333333612e+02
2.900720783333333088e+02
2.902231750000000261e+02
2.902900883333333582e+02
2.903817733333333422e+02
2.904651283333333254e+02
2.905516799999999762e+02
2.906382216666666523e+02
2.907247233333333156e+02
2.907013116666666406e+02
2.906342383333333146e+02
2.905670383333333007e+02
2.904124583333333476e+02
2.902578900000000317e+02
2.901967516666666711e+02
2.902669133333333775e+02
2.903883033333333401e+02
2.905098083333332966e+02
2.904979616666666402e+02
2.903382899999999722e+02
2.902345266666666816e+02
2.899935100000000148e+02
2.897201566666666963e+02
2.894468366666666839e+02
2.895634150000000204e+02
2.898278183333333686e+02
2.899429233333333400e+02
2.899430533333333528e+02
2.901840783333333320e+02
2.904364083333333610e+02
2.904364116666666860e+02
2.906164166666666802e+02
2.907964200000000119e+02
2.912286516666666785e+02
2.914566449999999804e+02
2.916732866666666837e+02
2.917440249999999651e+02
2.916865716666666799e+02
2.916291133333333505e+02
2.915716550000000211e+02
2.915714433333333204e+02
2.915712450000000331e+02
2.917088416666666717e+02
2.918027400000000284e+02
2.918885283333333405e+02
2.919576433333333512e+02
2.919328550000000178e+02
2.919080666666666843e+02
2.918980666666666366e+02
2.918982866666666496e+02
2.918816183333333356e+02
2.918816233333333230e+02
2.918816233333333798e+02
2.918816249999999854e+02
2.918749466666666308e+02
2.918499366666666788e+02
2.918749316666666687e+02
2.918749316666666687e+02
2.918749366666666560e+02
2.918999483333333274e+02
